CURVE2 (cv_her_20.dta )
Vf (V vs. Ref.)	Im (A)
2.99047e+0	9.46738e-2
2.98058e+0	9.38907e-2
2.9706e+0	9.33016e-2
2.96048e+0	9.26807e-2
2.9505e+0	9.20709e-2
2.94056e+0	9.12279e-2
2.93059e+0	9.0917e-2
2.92059e+0	9.01263e-2
2.91051e+0	8.92649e-2
2.90052e+0	8.87823e-2
2.89052e+0	8.81146e-2
2.88051e+0	8.76182e-2
2.87055e+0	8.68325e-2
2.86045e+0	8.61482e-2
2.85048e+0	8.54666e-2
2.84054e+0	8.49582e-2
2.83057e+0	8.45384e-2
2.82059e+0	8.38947e-2
2.81042e+0	8.30498e-2
2.80043e+0	8.23601e-2
2.79052e+0	8.18643e-2
2.78051e+0	8.10982e-2
2.77052e+0	8.03462e-2
2.76041e+0	7.96179e-2
2.75048e+0	7.92974e-2
2.74048e+0	7.85777e-2
2.7305e+0	7.79499e-2
2.72053e+0	7.75856e-2
2.71049e+0	7.66261e-2
2.70052e+0	7.61592e-2
2.69049e+0	7.55967e-2
2.68051e+0	7.47781e-2
2.67048e+0	7.41238e-2
2.66056e+0	7.353e-2
2.6504e+0	7.28065e-2
2.64043e+0	7.22646e-2
2.63045e+0	7.18723e-2
2.62044e+0	7.11555e-2
2.61052e+0	7.05551e-2
2.60047e+0	6.99241e-2
2.59049e+0	6.91544e-2
2.58053e+0	6.86393e-2
2.5706e+0	6.8e-2
2.56056e+0	6.72766e-2
2.55039e+0	6.67161e-2
2.54049e+0	6.62229e-2
2.53048e+0	6.56634e-2
2.52054e+0	6.50197e-2
2.51057e+0	6.44492e-2
2.50046e+0	6.37656e-2
2.49048e+0	6.32006e-2
2.48055e+0	6.26226e-2
2.47053e+0	6.19283e-2
2.46052e+0	6.15147e-2
2.45041e+0	6.08874e-2
2.44044e+0	6.02017e-2
2.43052e+0	5.9603e-2
2.42053e+0	5.8996e-2
2.41052e+0	5.84928e-2
2.40045e+0	5.79676e-2
2.39043e+0	5.73496e-2
2.38049e+0	5.66756e-2
2.37053e+0	5.60482e-2
2.36051e+0	5.5471e-2
2.35038e+0	5.48979e-2
2.34042e+0	5.44133e-2
2.33042e+0	5.39184e-2
2.32043e+0	5.33411e-2
2.31047e+0	5.27389e-2
2.30038e+0	5.20419e-2
2.29046e+0	5.14458e-2
2.28044e+0	5.08271e-2
2.27028e+0	5.01656e-2
2.26028e+0	4.97218e-2
2.25021e+0	4.89907e-2
2.2402e+0	4.85294e-2
2.23021e+0	4.79921e-2
2.22022e+0	4.74427e-2
2.21025e+0	4.67906e-2
2.2003e+0	4.62689e-2
2.19018e+0	4.57509e-2
2.18026e+0	4.52242e-2
2.17028e+0	4.46621e-2
2.16028e+0	4.41761e-2
2.15032e+0	4.36153e-2
2.14017e+0	4.30411e-2
2.13022e+0	4.25111e-2
2.12023e+0	4.20222e-2
2.11029e+0	4.14074e-2
2.1003e+0	4.08326e-2
2.09019e+0	4.02631e-2
2.08018e+0	3.96864e-2
2.07025e+0	3.92071e-2
2.06026e+0	3.86873e-2
2.0503e+0	3.81433e-2
2.04015e+0	3.76972e-2
2.03019e+0	3.71784e-2
2.02024e+0	3.66339e-2
2.01025e+0	3.61258e-2
2.00024e+0	3.56401e-2
1.99015e+0	3.51612e-2
1.9802e+0	3.46005e-2
1.97025e+0	3.41251e-2
1.96024e+0	3.36427e-2
1.95029e+0	3.3145e-2
1.94016e+0	3.26142e-2
1.93018e+0	3.21005e-2
1.92024e+0	3.16175e-2
1.91026e+0	3.111e-2
1.90023e+0	3.06198e-2
1.89013e+0	3.00829e-2
1.88022e+0	2.96297e-2
1.87015e+0	2.91176e-2
1.86024e+0	2.86221e-2
1.85022e+0	2.8142e-2
1.84033e+0	2.76802e-2
1.83019e+0	2.716e-2
1.82018e+0	2.66326e-2
1.81026e+0	2.62172e-2
1.80022e+0	2.57432e-2
1.79026e+0	2.52792e-2
1.78019e+0	2.47789e-2
1.77021e+0	2.43461e-2
1.76023e+0	2.38822e-2
1.75024e+0	2.3362e-2
1.74028e+0	2.28796e-2
1.73013e+0	2.23918e-2
1.7202e+0	2.19514e-2
1.71019e+0	2.14601e-2
1.70027e+0	2.10212e-2
1.69028e+0	2.05725e-2
1.68022e+0	2.00938e-2
1.67021e+0	1.96335e-2
1.66022e+0	1.91615e-2
1.65025e+0	1.86723e-2
1.64028e+0	1.82336e-2
1.63017e+0	1.78107e-2
1.6202e+0	1.73813e-2
1.61025e+0	1.69416e-2
1.60028e+0	1.65084e-2
1.59026e+0	1.60443e-2
1.58011e+0	1.56085e-2
1.57014e+0	1.51615e-2
1.5602e+0	1.47273e-2
1.5502e+0	1.42951e-2
1.54024e+0	1.38535e-2
1.53013e+0	1.34303e-2
1.52017e+0	1.30203e-2
1.51019e+0	1.25952e-2
1.5002e+0	1.21839e-2
1.4902e+0	1.17753e-2
1.48013e+0	1.13676e-2
1.47022e+0	1.09551e-2
1.46022e+0	1.056e-2
1.45021e+0	1.01788e-2
1.44019e+0	9.78911e-3
1.43013e+0	9.41117e-3
1.42014e+0	9.02481e-3
1.41014e+0	8.65132e-3
1.4002e+0	8.28475e-3
1.3902e+0	7.91714e-3
1.38023e+0	7.55623e-3
1.37016e+0	7.19909e-3
1.36016e+0	6.84764e-3
1.35014e+0	6.50493e-3
1.3402e+0	6.16968e-3
1.33023e+0	5.8387e-3
1.32009e+0	5.51898e-3
1.31009e+0	5.20726e-3
1.30014e+0	4.90522e-3
1.29017e+0	4.60717e-3
1.2802e+0	4.31643e-3
1.27009e+0	4.03791e-3
1.26013e+0	3.77022e-3
1.25012e+0	3.5104e-3
1.2402e+0	3.2617e-3
1.23018e+0	3.0245e-3
1.22005e+0	2.80028e-3
1.21005e+0	2.58721e-3
1.20017e+0	2.38313e-3
1.19019e+0	2.19277e-3
1.18021e+0	2.01525e-3
1.17011e+0	1.85063e-3
1.16011e+0	1.69733e-3
1.15015e+0	1.55652e-3
1.14017e+0	1.42752e-3
1.13016e+0	1.30707e-3
1.12005e+0	1.20032e-3
1.1101e+0	1.10379e-3
1.1001e+0	1.01944e-3
1.09015e+0	9.38583e-4
1.08014e+0	8.65866e-4
1.07004e+0	8.00867e-4
1.0601e+0	7.39428e-4
1.0501e+0	6.85767e-4
1.04016e+0	6.36384e-4
1.03011e+0	5.93705e-4
1.0202e+0	5.51825e-4
1.01011e+0	5.15127e-4
1.00011e+0	4.79962e-4
9.90111e-1	4.45989e-4
9.80143e-1	4.15103e-4
9.70176e-1	3.85503e-4
9.60149e-1	3.59366e-4
9.50108e-1	3.33097e-4
9.40122e-1	3.08681e-4
9.30145e-1	2.85288e-4
9.20185e-1	2.62842e-4
9.101e-1	2.41194e-4
9.00115e-1	2.20403e-4
8.90132e-1	2.00702e-4
8.8019e-1	1.81362e-4
8.70203e-1	1.63026e-4
8.60117e-1	1.45649e-4
8.50091e-1	1.28939e-4
8.40134e-1	1.13283e-4
8.3011e-1	9.86695e-5
8.20219e-1	8.48226e-5
8.10057e-1	7.22848e-5
8.00081e-1	6.0612e-5
7.90119e-1	5.01202e-5
7.80123e-1	4.06895e-5
7.70114e-1	3.22708e-5
7.60056e-1	2.49249e-5
7.50067e-1	1.85642e-5
7.40146e-1	1.31605e-5
7.30131e-1	8.6862e-6
7.20127e-1	5.00386e-6
7.10029e-1	2.12898e-6
7.00127e-1	-1.10615e-7
6.90214e-1	-1.09448e-6
6.80125e-1	-2.88707e-6
6.70153e-1	-3.72054e-6
6.60017e-1	-4.29798e-6
6.50071e-1	-4.71942e-6
6.40112e-1	-5.08146e-6
6.30072e-1	-5.35168e-6
6.20054e-1	-5.61923e-6
6.10104e-1	-5.91025e-6
6.00031e-1	-6.17524e-6
5.90042e-1	-6.44089e-6
5.80057e-1	-6.72326e-6
5.70046e-1	-7.01168e-6
5.60138e-1	-7.31137e-6
5.50078e-1	-7.61799e-6
5.40081e-1	-7.88362e-6
5.30121e-1	-8.16691e-6
5.20113e-1	-8.45372e-6
5.10196e-1	-8.73355e-6
5.00077e-1	-9.00294e-6
4.90108e-1	-9.3122e-6
4.80074e-1	-9.56822e-6
4.70116e-1	-9.87044e-6
4.60156e-1	-1.01861e-5
4.50037e-1	-1.05151e-5
4.40102e-1	-1.08686e-5
4.30125e-1	-1.12282e-5
4.20141e-1	-1.1588e-5
4.10137e-1	-1.19615e-5
4.00069e-1	-1.23543e-5
3.90028e-1	-1.27541e-5
3.80088e-1	-1.3154e-5
3.70139e-1	-1.35848e-5
3.60128e-1	-1.40526e-5
3.50096e-1	-1.4502e-5
3.40128e-1	-1.50036e-5
3.30165e-1	-1.54837e-5
3.20145e-1	-1.60025e-5
3.10148e-1	-1.65404e-5
3.00034e-1	-1.71029e-5
2.90102e-1	-1.76816e-5
2.80084e-1	-1.82846e-5
2.70089e-1	-1.89094e-5
2.60124e-1	-1.95992e-5
2.5001e-1	-2.02726e-5
2.40082e-1	-2.09739e-5
2.30106e-1	-2.17043e-5
2.20126e-1	-2.24799e-5
2.10093e-1	-2.3289e-5
2.00175e-1	-2.4112e-5
1.90076e-1	-2.49821e-5
1.801e-1	-2.5876e-5
1.70075e-1	-2.68456e-5
1.60131e-1	-2.78568e-5
1.50124e-1	-2.89026e-5
1.40086e-1	-2.99648e-5
1.3011e-1	-3.11063e-5
1.20113e-1	-3.23056e-5
1.10144e-1	-3.35759e-5
1.0018e-1	-3.48756e-5
9.00621e-2	-3.62398e-5
8.00996e-2	-3.76532e-5
7.01105e-2	-3.91482e-5
6.01751e-2	-4.0756e-5
5.018e-2	-4.24493e-5
4.00473e-2	-4.42195e-5
3.00676e-2	-4.61154e-5
2.00775e-2	-4.8142e-5
1.01557e-2	-5.03941e-5
6.08922e-5	-5.27968e-5
-9.99588e-3	-5.54978e-5
-1.99744e-2	-5.86168e-5
-2.99947e-2	-6.22563e-5
-3.99405e-2	-6.67573e-5
-4.98846e-2	-7.22841e-5
-5.99536e-2	-7.90938e-5
-6.99683e-2	-8.71959e-5
-7.99342e-2	-9.66162e-5
-8.99135e-2	-1.07252e-4
-9.99438e-2	-1.18897e-4
-1.1003e-1	-1.3161e-4
-1.20005e-1	-1.45233e-4
-1.29873e-1	-1.59917e-4
-1.39892e-1	-1.75919e-4
-1.49903e-1	-1.93284e-4
-1.5999e-1	-2.12229e-4
-1.69991e-1	-2.33027e-4
-1.79948e-1	-2.55889e-4
-1.89962e-1	-2.81326e-4
-1.99914e-1	-3.10183e-4
-2.10069e-1	-3.42543e-4
-2.19987e-1	-3.79495e-4
-2.29983e-1	-4.22306e-4
-2.39962e-1	-4.71875e-4
-2.4993e-1	-5.29697e-4
-2.59929e-1	-5.96838e-4
-2.69986e-1	-6.73883e-4
-2.79959e-1	-7.62323e-4
-2.89948e-1	-8.60476e-4
-2.99967e-1	-9.63833e-4
-3.09926e-1	-1.05963e-3
-3.19969e-1	-1.14046e-3
-3.29921e-1	-1.1931e-3
-3.39954e-1	-1.20958e-3
-3.49875e-1	-1.1822e-3
-3.59874e-1	-1.10349e-3
-3.69964e-1	-9.75961e-4
-3.79995e-1	-8.26014e-4
-3.89962e-1	-6.96281e-4
-3.99903e-1	-6.05923e-4
-4.09956e-1	-5.43137e-4
-4.20001e-1	-5.02656e-4
-4.29919e-1	-4.7442e-4
-4.39948e-1	-4.5389e-4
-4.49906e-1	-4.39356e-4
-4.59893e-1	-4.2269e-4
-4.69988e-1	-4.09002e-4
-4.79979e-1	-4.00916e-4
-4.89902e-1	-3.93293e-4
-4.99928e-1	-3.86435e-4
-5.09905e-1	-3.80551e-4
-5.20058e-1	-3.75284e-4
-5.30029e-1	-3.6975e-4
-5.39972e-1	-3.6438e-4
-5.49921e-1	-3.59133e-4
-5.59902e-1	-3.56199e-4
-5.70013e-1	-3.55283e-4
-5.79969e-1	-3.54288e-4
-5.89923e-1	-3.59766e-4
-5.99932e-1	-3.68428e-4
-6.0995e-1	-3.76379e-4
-6.20062e-1	-3.76553e-4
-6.29972e-1	-3.67916e-4
-6.39901e-1	-3.54122e-4
-6.49923e-1	-3.42754e-4
-6.59926e-1	-3.33076e-4
-6.69925e-1	-3.25068e-4
-6.79965e-1	-3.19346e-4
-6.89878e-1	-3.12978e-4
-6.99895e-1	-3.07153e-4
-7.09934e-1	-3.01452e-4
-7.19921e-1	-2.95107e-4
-7.29985e-1	-2.89892e-4
-7.39904e-1	-2.86222e-4
-7.4993e-1	-2.82256e-4
-7.59893e-1	-2.78655e-4
-7.69877e-1	-2.77075e-4
-7.80002e-1	-2.74052e-4
-7.89994e-1	-2.71842e-4
-7.99946e-1	-2.71151e-4
-8.09932e-1	-2.72205e-4
-8.19993e-1	-2.78318e-4
-8.29996e-1	-2.85052e-4
-8.39992e-1	-3.03491e-4
-8.49918e-1	-3.34774e-4
-8.599e-1	-3.86822e-4
-8.69887e-1	-4.56472e-4
-8.8001e-1	-5.4646e-4
-8.89998e-1	-6.51007e-4
-8.99926e-1	-7.69505e-4
-9.09936e-1	-8.98572e-4
-9.19996e-1	-1.0332e-3
-9.30022e-1	-1.17805e-3
-9.40017e-1	-1.32944e-3
-9.49928e-1	-1.485e-3
-9.59896e-1	-1.64654e-3
-9.69923e-1	-1.81624e-3
-9.80025e-1	-1.99182e-3
-9.8996e-1	-2.1728e-3
-9.9991e-1	-2.36255e-3
-1.00991e+0	-2.55574e-3
-1.0199e+0	-2.75762e-3
-1.03008e+0	-2.96823e-3
-1.04009e+0	-3.18445e-3
-1.05e+0	-3.40657e-3
-1.06e+0	-3.64081e-3
-1.07e+0	-3.87965e-3
-1.07998e+0	-4.12769e-3
-1.08996e+0	-4.38542e-3
-1.09993e+0	-4.64954e-3
-1.10993e+0	-4.92351e-3
-1.11995e+0	-5.20293e-3
-1.12993e+0	-5.48886e-3
-1.13997e+0	-5.78191e-3
-1.15004e+0	-6.0909e-3
-1.15996e+0	-6.39866e-3
-1.16995e+0	-6.71878e-3
-1.1799e+0	-7.04319e-3
-1.18998e+0	-7.37658e-3
-1.19995e+0	-7.71681e-3
-1.20994e+0	-8.05842e-3
-1.21992e+0	-8.40654e-3
-1.22989e+0	-8.75669e-3
-1.24006e+0	-9.11637e-3
-1.25e+0	-9.4864e-3
-1.25999e+0	-9.85394e-3
-1.26997e+0	-1.02296e-2
-1.27996e+0	-1.06128e-2
-1.29005e+0	-1.10031e-2
-1.3e+0	-1.13982e-2
-1.30995e+0	-1.17919e-2
-1.31999e+0	-1.2191e-2
-1.32993e+0	-1.25983e-2
-1.34009e+0	-1.30117e-2
-1.35007e+0	-1.34351e-2
-1.36002e+0	-1.38517e-2
-1.37005e+0	-1.42741e-2
-1.38002e+0	-1.47059e-2
-1.39007e+0	-1.51636e-2
-1.40001e+0	-1.56041e-2
-1.40994e+0	-1.60254e-2
-1.41998e+0	-1.64815e-2
-1.42996e+0	-1.6928e-2
-1.44003e+0	-1.73863e-2
-1.45e+0	-1.78506e-2
-1.45997e+0	-1.82986e-2
-1.46999e+0	-1.87616e-2
-1.47993e+0	-1.92383e-2
-1.48993e+0	-1.97125e-2
-1.49997e+0	-2.01876e-2
-1.50999e+0	-2.06852e-2
-1.51992e+0	-2.11648e-2
-1.52999e+0	-2.16578e-2
-1.53991e+0	-2.2141e-2
-1.55002e+0	-2.26395e-2
-1.56005e+0	-2.3134e-2
-1.56998e+0	-2.36245e-2
-1.57997e+0	-2.41424e-2
-1.58998e+0	-2.46526e-2
-1.60006e+0	-2.51564e-2
-1.61001e+0	-2.56684e-2
-1.62003e+0	-2.62091e-2
-1.62995e+0	-2.67234e-2
-1.64e+0	-2.72301e-2
-1.65008e+0	-2.77534e-2
-1.66011e+0	-2.8292e-2
-1.67006e+0	-2.88275e-2
-1.68003e+0	-2.93697e-2
-1.69004e+0	-2.98993e-2
-1.70005e+0	-3.04462e-2
-1.71006e+0	-3.101e-2
-1.71999e+0	-3.15357e-2
-1.72998e+0	-3.21154e-2
-1.73997e+0	-3.26668e-2
-1.75005e+0	-3.32233e-2
-1.76011e+0	-3.37792e-2
-1.76998e+0	-3.43376e-2
-1.78001e+0	-3.4903e-2
-1.78998e+0	-3.54524e-2
-1.80012e+0	-3.60348e-2
-1.81005e+0	-3.65775e-2
-1.82e+0	-3.71886e-2
-1.83002e+0	-3.77751e-2
-1.84007e+0	-3.83563e-2
-1.85016e+0	-3.89355e-2
-1.86011e+0	-3.95168e-2
-1.87007e+0	-4.01024e-2
-1.88005e+0	-4.07088e-2
-1.89002e+0	-4.1299e-2
-1.90002e+0	-4.18933e-2
-1.91008e+0	-4.2488e-2
-1.92006e+0	-4.31091e-2
-1.93002e+0	-4.36903e-2
-1.94003e+0	-4.42955e-2
-1.95005e+0	-4.49292e-2
-1.96006e+0	-4.55301e-2
-1.97003e+0	-4.61238e-2
-1.97997e+0	-4.67013e-2
-1.98997e+0	-4.7326e-2
-1.99996e+0	-4.79878e-2
-2.01007e+0	-4.85679e-2
-2.02007e+0	-4.92444e-2
-2.03005e+0	-4.98005e-2
-2.04002e+0	-5.03998e-2
-2.04999e+0	-5.10624e-2
-2.06009e+0	-5.17085e-2
-2.07006e+0	-5.22923e-2
-2.08001e+0	-5.2954e-2
-2.08995e+0	-5.35759e-2
-2.10001e+0	-5.41735e-2
-2.11007e+0	-5.48236e-2
-2.12008e+0	-5.53905e-2
-2.13005e+0	-5.60526e-2
-2.14007e+0	-5.66848e-2
-2.15002e+0	-5.72808e-2
-2.16012e+0	-5.79135e-2
-2.17011e+0	-5.85561e-2
-2.18003e+0	-5.92177e-2
-2.19005e+0	-5.98998e-2
-2.20003e+0	-6.05051e-2
-2.21009e+0	-6.11064e-2
-2.22003e+0	-6.17685e-2
-2.23005e+0	-6.24121e-2
-2.24002e+0	-6.30577e-2
-2.25e+0	-6.3673e-2
-2.26012e+0	-6.44033e-2
-2.27004e+0	-6.50476e-2
-2.28003e+0	-6.56728e-2
-2.29e+0	-6.64028e-2
-2.30003e+0	-6.70369e-2
-2.30996e+0	-6.77076e-2
-2.32005e+0	-6.83863e-2
-2.33e+0	-6.8998e-2
-2.33995e+0	-6.96468e-2
-2.34999e+0	-7.03531e-2
-2.35996e+0	-7.09896e-2
-2.37012e+0	-7.16464e-2
-2.38009e+0	-7.23689e-2
-2.39008e+0	-7.29865e-2
-2.40002e+0	-7.3658e-2
-2.41003e+0	-7.43464e-2
-2.42007e+0	-7.50521e-2
-2.43006e+0	-7.56765e-2
-2.44005e+0	-7.64101e-2
-2.45001e+0	-7.70454e-2
-2.45997e+0	-7.76612e-2
-2.47011e+0	-7.83449e-2
-2.48009e+0	-7.90037e-2
-2.49008e+0	-7.97575e-2
-2.50008e+0	-8.03353e-2
-2.51001e+0	-8.11415e-2
-2.5201e+0	-8.18788e-2
-2.53006e+0	-8.24679e-2
-2.54001e+0	-8.31951e-2
-2.55002e+0	-8.37754e-2
-2.5602e+0	-8.45423e-2
-2.57031e+0	-8.53046e-2
-2.58032e+0	-8.5902e-2
-2.59029e+0	-8.65391e-2
-2.60027e+0	-8.7244e-2
-2.61029e+0	-8.80225e-2
-2.6203e+0	-8.86886e-2
-2.6303e+0	-8.93915e-2
-2.64025e+0	-9.00856e-2
-2.65028e+0	-9.08276e-2
-2.66022e+0	-9.14469e-2
-2.6704e+0	-9.21325e-2
-2.68033e+0	-9.28402e-2
-2.6903e+0	-9.34149e-2
-2.70025e+0	-9.4288e-2
-2.71022e+0	-9.491e-2
-2.72023e+0	-9.55484e-2
-2.7303e+0	-9.62682e-2
-2.74028e+0	-9.69879e-2
-2.75029e+0	-9.76381e-2
-2.76027e+0	-9.8316e-2
-2.77028e+0	-9.90413e-2
-2.78032e+0	-9.95802e-2
-2.79027e+0	-1.00513e-1
-2.80023e+0	-1.01146e-1
-2.81022e+0	-1.01874e-1
-2.82019e+0	-1.02593e-1
-2.83032e+0	-1.03253e-1
-2.84026e+0	-1.0399e-1
-2.85027e+0	-1.04764e-1
-2.86025e+0	-1.05399e-1
-2.87024e+0	-1.06081e-1
-2.88033e+0	-1.0676e-1
-2.89033e+0	-1.07558e-1
-2.9003e+0	-1.08203e-1
-2.91031e+0	-1.08838e-1
-2.92027e+0	-1.0961e-1
-2.93032e+0	-1.10363e-1
-2.94032e+0	-1.11032e-1
-2.95026e+0	-1.11614e-1
-2.96028e+0	-1.12478e-1
-2.97025e+0	-1.13233e-1
-2.98037e+0	-1.13825e-1
-2.99032e+0	-1.14638e-1
-3.00026e+0	-1.15325e-1
-2.99033e+0	-1.147e-1
-2.98039e+0	-1.14057e-1
-2.97023e+0	-1.13244e-1
-2.9603e+0	-1.12552e-1
-2.95024e+0	-1.11921e-1
-2.94035e+0	-1.11145e-1
-2.93032e+0	-1.10518e-1
-2.92026e+0	-1.09828e-1
-2.91028e+0	-1.09191e-1
-2.90028e+0	-1.08555e-1
-2.89038e+0	-1.07702e-1
-2.88031e+0	-1.06976e-1
-2.87021e+0	-1.06444e-1
-2.86025e+0	-1.05711e-1
-2.85029e+0	-1.04945e-1
-2.84032e+0	-1.04306e-1
-2.83032e+0	-1.03663e-1
-2.82019e+0	-1.02846e-1
-2.81022e+0	-1.02296e-1
-2.80025e+0	-1.01538e-1
-2.79028e+0	-1.00926e-1
-2.78024e+0	-1.00123e-1
-2.77022e+0	-9.95325e-2
-2.76028e+0	-9.87378e-2
-2.75031e+0	-9.8147e-2
-2.74029e+0	-9.74347e-2
-2.73033e+0	-9.66969e-2
-2.72025e+0	-9.60551e-2
-2.71029e+0	-9.5256e-2
-2.70027e+0	-9.46622e-2
-2.69024e+0	-9.38839e-2
-2.68028e+0	-9.31487e-2
-2.67037e+0	-9.24779e-2
-2.66028e+0	-9.18966e-2
-2.65028e+0	-9.11538e-2
-2.6403e+0	-9.05568e-2
-2.63028e+0	-8.98246e-2
-2.62034e+0	-8.90935e-2
-2.61029e+0	-8.84728e-2
-2.60029e+0	-8.77465e-2
-2.59026e+0	-8.70362e-2
-2.58035e+0	-8.63877e-2
-2.57034e+0	-8.5642e-2
-2.56021e+0	-8.50587e-2
-2.55006e+0	-8.4342e-2
-2.54007e+0	-8.36279e-2
-2.5301e+0	-8.29803e-2
-2.52011e+0	-8.23486e-2
-2.51004e+0	-8.15581e-2
-2.50004e+0	-8.0945e-2
-2.49009e+0	-8.02345e-2
-2.48007e+0	-7.95186e-2
-2.47013e+0	-7.88028e-2
-2.45997e+0	-7.81993e-2
-2.45001e+0	-7.74772e-2
-2.44006e+0	-7.67747e-2
-2.43005e+0	-7.61583e-2
-2.42007e+0	-7.54428e-2
-2.41001e+0	-7.47439e-2
-2.40002e+0	-7.4156e-2
-2.39007e+0	-7.34507e-2
-2.38006e+0	-7.27694e-2
-2.3701e+0	-7.20535e-2
-2.35996e+0	-7.14277e-2
-2.35003e+0	-7.08281e-2
-2.34002e+0	-7.01083e-2
-2.33004e+0	-6.93878e-2
-2.32002e+0	-6.8846e-2
-2.30995e+0	-6.81147e-2
-2.29999e+0	-6.74222e-2
-2.29003e+0	-6.67822e-2
-2.28e+0	-6.60755e-2
-2.27005e+0	-6.54528e-2
-2.2601e+0	-6.47659e-2
-2.25005e+0	-6.41164e-2
-2.24002e+0	-6.34983e-2
-2.23003e+0	-6.27814e-2
-2.22009e+0	-6.21057e-2
-2.2101e+0	-6.14563e-2
-2.2e+0	-6.07972e-2
-2.19005e+0	-6.01384e-2
-2.18002e+0	-5.94729e-2
-2.17009e+0	-5.88407e-2
-2.16013e+0	-5.81884e-2
-2.15003e+0	-5.74951e-2
-2.14006e+0	-5.68423e-2
-2.13005e+0	-5.62354e-2
-2.1201e+0	-5.55903e-2
-2.11008e+0	-5.49432e-2
-2.10003e+0	-5.42996e-2
-2.08998e+0	-5.37281e-2
-2.08001e+0	-5.30411e-2
-2.07006e+0	-5.24358e-2
-2.06006e+0	-5.17958e-2
-2.04994e+0	-5.11766e-2
-2.04002e+0	-5.05052e-2
-2.03004e+0	-4.98841e-2
-2.02002e+0	-4.92515e-2
-2.01009e+0	-4.86607e-2
-1.99993e+0	-4.80187e-2
-1.99001e+0	-4.73878e-2
-1.98003e+0	-4.67485e-2
-1.97003e+0	-4.61269e-2
-1.96005e+0	-4.55067e-2
-1.95005e+0	-4.48984e-2
-1.94004e+0	-4.42822e-2
-1.93005e+0	-4.36732e-2
-1.92004e+0	-4.30845e-2
-1.91006e+0	-4.24569e-2
-1.9e+0	-4.18402e-2
-1.8901e+0	-4.12408e-2
-1.88008e+0	-4.06545e-2
-1.87001e+0	-4.00891e-2
-1.86007e+0	-3.94543e-2
-1.85017e+0	-3.88604e-2
-1.84002e+0	-3.83142e-2
-1.83001e+0	-3.76974e-2
-1.82003e+0	-3.7128e-2
-1.81008e+0	-3.65721e-2
-1.80012e+0	-3.59762e-2
-1.78997e+0	-3.54103e-2
-1.77998e+0	-3.48522e-2
-1.76999e+0	-3.4264e-2
-1.7601e+0	-3.37234e-2
-1.75011e+0	-3.31795e-2
-1.73997e+0	-3.26344e-2
-1.73003e+0	-3.20816e-2
-1.71998e+0	-3.15246e-2
-1.71007e+0	-3.09632e-2
-1.70007e+0	-3.0414e-2
-1.68998e+0	-2.98973e-2
-1.68001e+0	-2.93697e-2
-1.67004e+0	-2.88442e-2
-1.66012e+0	-2.83226e-2
-1.65013e+0	-2.78038e-2
-1.64e+0	-2.72857e-2
-1.63001e+0	-2.67906e-2
-1.62002e+0	-2.62902e-2
-1.61007e+0	-2.58016e-2
-1.60004e+0	-2.52982e-2
-1.58998e+0	-2.47965e-2
-1.57994e+0	-2.43021e-2
-1.57004e+0	-2.38318e-2
-1.56004e+0	-2.33515e-2
-1.55007e+0	-2.28796e-2
-1.53991e+0	-2.24019e-2
-1.52996e+0	-2.19474e-2
-1.51998e+0	-2.14852e-2
-1.50993e+0	-2.1033e-2
-1.5e+0	-2.05809e-2
-1.4899e+0	-2.01288e-2
-1.47997e+0	-1.96788e-2
-1.46997e+0	-1.92336e-2
-1.46003e+0	-1.8786e-2
-1.45006e+0	-1.83635e-2
-1.4401e+0	-1.79278e-2
-1.42997e+0	-1.74962e-2
-1.41999e+0	-1.70633e-2
-1.40995e+0	-1.66534e-2
-1.40002e+0	-1.62341e-2
-1.39007e+0	-1.58213e-2
-1.37997e+0	-1.54062e-2
-1.36999e+0	-1.49856e-2
-1.36002e+0	-1.45883e-2
-1.35007e+0	-1.41857e-2
-1.3401e+0	-1.37934e-2
-1.3299e+0	-1.33983e-2
-1.31993e+0	-1.30054e-2
-1.30997e+0	-1.26182e-2
-1.30004e+0	-1.22399e-2
-1.29007e+0	-1.18519e-2
-1.27996e+0	-1.14696e-2
-1.26995e+0	-1.10997e-2
-1.25999e+0	-1.07304e-2
-1.25001e+0	-1.03691e-2
-1.24008e+0	-1.00088e-2
-1.22992e+0	-9.64664e-3
-1.21992e+0	-9.29587e-3
-1.20998e+0	-8.94628e-3
-1.19997e+0	-8.59796e-3
-1.19002e+0	-8.24575e-3
-1.17995e+0	-7.90715e-3
-1.16993e+0	-7.57319e-3
-1.15997e+0	-7.24548e-3
-1.14997e+0	-6.91412e-3
-1.13999e+0	-6.59056e-3
-1.12992e+0	-6.27268e-3
-1.11995e+0	-5.95619e-3
-1.10994e+0	-5.64855e-3
-1.09995e+0	-5.34801e-3
-1.08999e+0	-5.04655e-3
-1.08002e+0	-4.75041e-3
-1.06999e+0	-4.46242e-3
-1.06001e+0	-4.1747e-3
-1.04997e+0	-3.89563e-3
-1.04003e+0	-3.62488e-3
-1.03011e+0	-3.35943e-3
-1.01994e+0	-3.09702e-3
-1.00996e+0	-2.84181e-3
-9.9995e-1	-2.59497e-3
-9.89939e-1	-2.35366e-3
-9.79966e-1	-2.11871e-3
-9.69893e-1	-1.88859e-3
-9.59937e-1	-1.6684e-3
-9.49922e-1	-1.45556e-3
-9.39991e-1	-1.25194e-3
-9.30075e-1	-1.05382e-3
-9.19966e-1	-8.65978e-4
-9.09951e-1	-6.83725e-4
-8.99903e-1	-5.1475e-4
-8.89993e-1	-3.53678e-4
-8.80011e-1	-2.03321e-4
-8.69859e-1	-6.6166e-5
-8.59919e-1	5.36534e-5
-8.4997e-1	1.09365e-4
-8.39961e-1	2.22013e-4
-8.29988e-1	2.6654e-4
-8.19997e-1	2.82173e-4
-8.09964e-1	2.78614e-4
-7.99971e-1	2.61852e-4
-7.89993e-1	2.34905e-4
-7.79962e-1	2.06846e-4
-7.69905e-1	1.83133e-4
-7.59916e-1	1.60818e-4
-7.5e-1	1.41091e-4
-7.39951e-1	1.23266e-4
-7.29943e-1	1.07756e-4
-7.19868e-1	9.49449e-5
-7.09943e-1	8.66917e-5
-6.99964e-1	7.8723e-5
-6.89938e-1	7.06732e-5
-6.79956e-1	6.57775e-5
-6.69879e-1	6.18464e-5
-6.59917e-1	5.86818e-5
-6.49931e-1	5.57587e-5
-6.39969e-1	5.42809e-5
-6.2995e-1	5.29181e-5
-6.19985e-1	5.52213e-5
-6.09948e-1	6.31134e-5
-5.99953e-1	7.48057e-5
-5.89939e-1	8.45352e-5
-5.79961e-1	8.57911e-5
-5.70012e-1	7.16518e-5
-5.599e-1	5.40118e-5
-5.49934e-1	4.7471e-5
-5.39949e-1	4.74807e-5
-5.3002e-1	4.98481e-5
-5.20052e-1	4.96925e-5
-5.09913e-1	4.56651e-5
-4.99916e-1	4.27977e-5
-4.89954e-1	4.35014e-5
-4.79974e-1	4.71044e-5
-4.69963e-1	5.11643e-5
-4.59892e-1	4.03024e-5
-4.49935e-1	1.57903e-5
-4.39919e-1	1.38722e-6
-4.29997e-1	-4.06638e-6
-4.19999e-1	-6.58634e-6
-4.09958e-1	-6.86593e-6
-3.9989e-1	-7.61617e-6
-3.89958e-1	-7.82841e-6
-3.79935e-1	-7.1538e-6
-3.70017e-1	-8.14362e-6
-3.59837e-1	-8.26174e-6
-3.49928e-1	-7.64247e-6
-3.39916e-1	-6.50012e-6
-3.29989e-1	-4.17903e-6
-3.20004e-1	-3.53524e-7
-3.09971e-1	1.09378e-6
-2.99988e-1	5.55148e-6
-2.89946e-1	6.66735e-6
-2.79954e-1	5.63286e-6
-2.69985e-1	5.24686e-6
-2.59916e-1	4.14906e-6
-2.49941e-1	2.7484e-6
-2.39965e-1	1.83228e-6
-2.29972e-1	4.05844e-7
-2.2e-1	-2.21939e-7
-2.10075e-1	-2.20944e-7
-1.99975e-1	-3.33174e-7
-1.89931e-1	-1.07888e-6
-1.79961e-1	-2.32427e-6
-1.69933e-1	-3.38723e-6
-1.60034e-1	-3.67651e-6
-1.49879e-1	-3.01083e-6
-1.39883e-1	-2.44257e-6
-1.29909e-1	-1.75787e-6
-1.19981e-1	-8.0968e-7
-1.09998e-1	9.01662e-8
-9.99021e-2	1.0442e-6
-8.98988e-2	3.24587e-6
-7.99175e-2	5.57402e-6
-6.99769e-2	7.75814e-6
-6.00202e-2	1.0209e-5
-4.99146e-2	1.33767e-5
-3.9965e-2	1.68173e-5
-2.99697e-2	2.10556e-5
-1.9974e-2	2.55614e-5
-9.96644e-3	3.07573e-5
8.35164e-5	3.62941e-5
1.0098e-2	4.21598e-5
2.01406e-2	4.82854e-5
3.0059e-2	5.42509e-5
4.00473e-2	5.96933e-5
5.01733e-2	6.43862e-5
6.01118e-2	6.83367e-5
7.01043e-2	7.12008e-5
8.0091e-2	7.32791e-5
9.00537e-2	7.44656e-5
1.00162e-1	7.50331e-5
1.10135e-1	7.52099e-5
1.20091e-1	7.51244e-5
1.30113e-1	7.49507e-5
1.40092e-1	7.48606e-5
1.50158e-1	7.47126e-5
1.60085e-1	7.45872e-5
1.70091e-1	7.42979e-5
1.80067e-1	7.4006e-5
1.90106e-1	7.34403e-5
2.00158e-1	7.29861e-5
2.1012e-1	7.25167e-5
2.20101e-1	7.21445e-5
2.30098e-1	7.17015e-5
2.40066e-1	7.12565e-5
2.50004e-1	7.09749e-5
2.60086e-1	7.07278e-5
2.70111e-1	7.05322e-5
2.8006e-1	7.03484e-5
2.90081e-1	7.01437e-5
3.00002e-1	7.00538e-5
3.10096e-1	7.00748e-5
3.20134e-1	7.0091e-5
3.30102e-1	7.00965e-5
3.40041e-1	7.0124e-5
3.50061e-1	7.01972e-5
3.60123e-1	7.02438e-5
3.70119e-1	7.03791e-5
3.80131e-1	7.03865e-5
3.90057e-1	7.04557e-5
4.00053e-1	7.05979e-5
4.10151e-1	7.08211e-5
4.20153e-1	7.09136e-5
4.30078e-1	7.11958e-5
4.40115e-1	7.137e-5
4.50096e-1	7.15345e-5
4.60168e-1	7.17453e-5
4.7014e-1	7.20482e-5
4.80046e-1	7.24077e-5
4.90036e-1	7.25895e-5
5.00037e-1	7.28911e-5
5.10116e-1	7.32367e-5
5.20102e-1	7.35801e-5
5.30049e-1	7.39023e-5
5.4008e-1	7.41982e-5
5.50038e-1	7.46557e-5
5.60116e-1	7.50496e-5
5.70043e-1	7.55526e-5
5.80063e-1	7.61951e-5
5.90074e-1	7.68538e-5
6.00029e-1	7.77829e-5
6.10085e-1	7.86475e-5
6.20072e-1	7.95494e-5
6.30078e-1	8.05711e-5
6.40098e-1	8.17991e-5
6.50072e-1	8.32942e-5
6.59977e-1	8.53883e-5
6.70142e-1	8.80316e-5
6.80083e-1	9.14715e-5
6.90142e-1	9.6039e-5
7.00114e-1	1.02025e-4
7.10006e-1	1.09769e-4
7.20175e-1	1.1987e-4
7.30154e-1	1.3291e-4
7.40087e-1	1.49192e-4
7.50076e-1	1.69317e-4
7.60082e-1	1.93975e-4
7.70122e-1	2.24052e-4
7.80135e-1	2.60422e-4
7.90167e-1	3.03389e-4
8.00021e-1	3.54139e-4
8.10127e-1	4.14012e-4
8.20123e-1	4.83495e-4
8.30128e-1	5.63727e-4
8.40074e-1	6.55657e-4
8.50062e-1	7.59922e-4
8.6009e-1	8.76122e-4
8.70199e-1	1.00626e-3
8.80165e-1	1.15169e-3
8.90092e-1	1.30688e-3
9.00153e-1	1.47498e-3
9.10101e-1	1.65453e-3
9.20187e-1	1.84619e-3
9.30155e-1	2.04844e-3
9.40113e-1	2.26257e-3
9.50122e-1	2.48802e-3
9.60111e-1	2.7212e-3
9.70143e-1	2.96386e-3
9.80152e-1	3.21655e-3
9.90118e-1	3.47973e-3
1.00005e+0	3.74995e-3
1.01014e+0	4.03083e-3
1.02019e+0	4.31445e-3
1.03014e+0	4.60724e-3
1.04013e+0	4.9075e-3
1.05014e+0	5.20895e-3
1.06008e+0	5.52586e-3
1.07005e+0	5.84256e-3
1.08012e+0	6.16743e-3
1.09009e+0	6.49295e-3
1.1001e+0	6.83174e-3
1.11009e+0	7.16875e-3
1.12004e+0	7.51541e-3
1.13016e+0	7.86405e-3
1.14014e+0	8.22034e-3
1.15017e+0	8.57841e-3
1.16013e+0	8.93759e-3
1.17011e+0	9.3105e-3
1.18021e+0	9.6812e-3
1.19018e+0	1.00628e-2
1.20013e+0	1.04355e-2
1.2101e+0	1.08183e-2
1.22014e+0	1.12074e-2
1.23021e+0	1.15985e-2
1.24018e+0	1.19965e-2
1.25018e+0	1.23964e-2
1.26012e+0	1.27988e-2
1.27011e+0	1.32061e-2
1.28019e+0	1.36188e-2
1.29021e+0	1.40231e-2
1.30015e+0	1.44408e-2
1.31013e+0	1.4857e-2
1.3201e+0	1.52765e-2
1.33022e+0	1.56938e-2
1.34019e+0	1.61122e-2
1.3502e+0	1.65383e-2
1.36022e+0	1.69612e-2
1.37014e+0	1.7391e-2
1.38024e+0	1.78149e-2
1.39017e+0	1.8233e-2
1.40017e+0	1.8654e-2
1.4101e+0	1.90738e-2
1.42014e+0	1.95044e-2
1.43014e+0	1.9944e-2
1.44019e+0	2.03757e-2
1.45025e+0	2.07994e-2
1.4602e+0	2.12359e-2
1.47019e+0	2.16349e-2
1.48015e+0	2.20872e-2
1.49024e+0	2.25141e-2
1.50023e+0	2.29272e-2
1.51018e+0	2.33485e-2
1.5202e+0	2.37722e-2
1.53005e+0	2.41716e-2
1.54018e+0	2.45881e-2
1.55022e+0	2.50215e-2
1.56018e+0	2.54485e-2
1.57013e+0	2.58601e-2
1.58013e+0	2.62979e-2
1.59024e+0	2.67693e-2
1.60024e+0	2.71919e-2
1.61025e+0	2.76231e-2
1.62012e+0	2.80569e-2
1.63015e+0	2.84941e-2
1.64026e+0	2.89278e-2
1.65026e+0	2.94008e-2
1.66018e+0	2.98503e-2
1.67019e+0	3.02425e-2
1.68017e+0	3.06495e-2
1.69025e+0	3.10462e-2
1.70027e+0	3.14668e-2
1.7102e+0	3.18257e-2
1.72023e+0	3.22721e-2
1.73016e+0	3.2657e-2
1.74025e+0	3.30701e-2
1.7502e+0	3.35353e-2
1.76018e+0	3.39568e-2
1.7702e+0	3.44101e-2
1.7802e+0	3.48063e-2
1.79024e+0	3.51803e-2
1.80014e+0	3.56331e-2
1.81021e+0	3.60878e-2
1.82017e+0	3.6512e-2
1.83019e+0	3.69694e-2
1.84029e+0	3.74816e-2
1.85018e+0	3.7936e-2
1.8602e+0	3.83388e-2
1.87018e+0	3.87987e-2
1.88017e+0	3.92492e-2
1.89014e+0	3.97361e-2
1.90027e+0	4.02879e-2
1.91026e+0	4.07297e-2
1.92024e+0	4.12596e-2
1.93022e+0	4.16812e-2
1.94014e+0	4.20498e-2
1.95025e+0	4.25353e-2
1.96028e+0	4.29563e-2
1.97028e+0	4.34275e-2
1.9802e+0	4.39012e-2
1.99016e+0	4.43622e-2
2.00025e+0	4.48631e-2
2.01025e+0	4.54025e-2
2.02024e+0	4.58077e-2
2.03012e+0	4.63373e-2
2.0401e+0	4.68119e-2
2.05026e+0	4.73173e-2
2.06024e+0	4.77731e-2
2.07022e+0	4.80734e-2
2.08023e+0	4.8456e-2
2.09021e+0	4.88377e-2
2.10027e+0	4.93642e-2
2.11026e+0	4.97653e-2
2.12022e+0	5.02383e-2
2.13019e+0	5.07761e-2
2.14019e+0	5.11882e-2
2.1503e+0	5.15903e-2
2.16026e+0	5.20337e-2
2.17024e+0	5.24675e-2
2.18023e+0	5.29271e-2
2.19023e+0	5.33484e-2
2.2003e+0	5.40298e-2
2.21027e+0	5.45682e-2
2.22025e+0	5.49645e-2
2.23023e+0	5.54492e-2
2.24021e+0	5.58678e-2
2.25019e+0	5.62214e-2
2.26032e+0	5.67797e-2
2.27029e+0	5.70817e-2
2.28045e+0	5.76924e-2
2.29043e+0	5.81458e-2
2.30043e+0	5.87772e-2
2.31046e+0	5.90834e-2
2.32042e+0	5.97546e-2
2.33045e+0	6.0286e-2
2.34044e+0	6.09076e-2
2.35036e+0	6.15282e-2
2.36051e+0	6.17942e-2
2.37053e+0	6.22262e-2
2.38054e+0	6.26089e-2
2.39045e+0	6.29272e-2
2.4004e+0	6.32847e-2
2.4105e+0	6.3867e-2
2.42052e+0	6.44388e-2
2.43051e+0	6.48616e-2
2.44044e+0	6.5336e-2
2.45041e+0	6.58096e-2
2.46052e+0	6.64087e-2
2.47049e+0	6.70137e-2
2.48049e+0	6.74432e-2
2.49045e+0	6.8012e-2
2.50049e+0	6.85415e-2
2.51054e+0	6.87494e-2
2.5205e+0	6.91168e-2
2.53048e+0	6.96654e-2
2.54044e+0	7.03097e-2
2.55042e+0	7.09237e-2
2.56058e+0	7.15675e-2
2.57057e+0	7.19951e-2
2.58052e+0	7.24773e-2
2.59051e+0	7.29591e-2
2.60049e+0	7.34067e-2
2.6105e+0	7.3929e-2
2.62043e+0	7.43307e-2
2.63043e+0	7.49151e-2
2.64044e+0	7.54815e-2
2.65043e+0	7.63237e-2
2.66059e+0	7.66311e-2
2.67047e+0	7.7149e-2
2.68047e+0	7.79289e-2
2.69048e+0	7.81997e-2
2.70049e+0	7.88701e-2
2.71045e+0	7.93733e-2
2.7205e+0	7.98834e-2
2.73049e+0	8.04715e-2
2.74052e+0	8.08512e-2
2.75048e+0	8.13968e-2
2.76037e+0	8.20346e-2
2.77046e+0	8.27357e-2
2.7805e+0	8.33009e-2
2.79052e+0	8.37877e-2
2.80044e+0	8.44121e-2
2.81042e+0	8.49149e-2
2.82054e+0	8.56791e-2
2.83057e+0	8.61982e-2
2.84056e+0	8.65788e-2
2.85049e+0	8.73604e-2
2.86045e+0	8.77815e-2
2.87051e+0	8.8328e-2
2.88052e+0	8.89674e-2
2.8905e+0	8.96021e-2
2.90047e+0	9.04191e-2
2.91045e+0	9.07628e-2
2.92056e+0	9.15119e-2
2.93056e+0	9.19414e-2
2.94054e+0	9.28215e-2
2.95047e+0	9.32775e-2
2.96049e+0	9.4082e-2
2.97058e+0	9.45808e-2
2.98055e+0	9.50572e-2
2.99052e+0	9.58068e-2
3.00052e+0	9.6378e-2